
    00000                                                       
    00000                                                       
  0000000000000       000001 00001      00000     100000001     
  0000000000000    000000001 00000      00000   1000000000000   
  0000000000001   0000000001 00000      00000  00000     00000  
    00000        000001      00000      00000 10000       00001 
    00000        00000       00000      00000 00000110001100000 
    00000        00001       00000      00000 00000000000000000 
    000001       00000       00000      00000 00000             
    1000001      00000       000000    000001 100001     111111 
     0000000000  00000        00000000000000   100000000000000  
      100000000  00000         000000000001      000000000001   
        0000000  00000            000000            000000      